1	15.7375	0	0	0	5.50927	0	0	0
1	15.4157	0.321776	0	0	5.48222	0.0270449	0	0
2	15.2814	0.229225	0	0	5.4596	0.0274865	0	0
3	15.2701	0.162482	0	0	5.5771	0.1191	0	0
4	15.0083	0.290475	0	0	5.56701	0.0928047	0	0
5	14.9337	0.248613	0	0	5.54237	0.0796825	0	0
6	15.0223	0.228007	0	0	5.52919	0.0686204	0	0
7	15.1611	0.241352	0	0	5.53265	0.0595275	0	0
8	15.1115	0.218556	0	0	5.51015	0.0571185	0	0
9	15.0817	0.197732	0	0	5.54663	0.06278	0	0
10	15.0003	0.196505	0	0	5.58604	0.0691202	0	0
11	15.0214	0.180618	0	0	5.50538	0.102408	0	0
12	15.045	0.167805	0	0	5.45621	0.106265	0	0
13	15.0392	0.155464	0	0	5.43069	0.101636	0	0
14	14.9702	0.160352	0	0	5.46113	0.0993924	0	0
15	14.9757	0.150099	0	0	5.46301	0.0929922	0	0
16	14.8863	0.16697	0	0	5.49885	0.0944166	0	0
17	14.9503	0.16994	0	0	5.50089	0.0890402	0	0
18	14.9448	0.16084	0	0	5.50694	0.0844405	0	0
19	14.9222	0.154252	0	0	5.49142	0.0815957	0	0
20	14.9246	0.146743	0	0	5.48983	0.0776293	0	0
21	14.9498	0.142152	0	0	5.47903	0.0748012	0	0
22	14.9184	0.139416	0	0	5.49205	0.0726514	0	0
23	14.9126	0.133605	0	0	5.50424	0.0706193	0	0
24	14.915	0.128173	0	0	5.49623	0.0682075	0	0
25	14.934	0.124597	0	0	5.49527	0.0655388	0	0
26	14.9584	0.122358	0	0	5.49053	0.0632423	0	0
27	14.9834	0.120512	0	0	5.47888	0.0620457	0	0
28	14.9902	0.116486	0	0	5.47845	0.0598695	0	0
29	14.9864	0.112602	0	0	5.47778	0.0578433	0	0
30	14.9892	0.108947	0	0	5.48719	0.056731	0	0
31	15.0195	0.109731	0	0	5.48839	0.0549427	0	0
32	15.0006	0.108015	0	0	5.486	0.0533053	0	0
33	15.0104	0.10525	0	0	5.48019	0.0520392	0	0
34	15.0066	0.10227	0	0	5.46779	0.0520289	0	0
35	14.9784	0.103326	0	0	5.48221	0.0525789	0	0
36	14.9845	0.100683	0	0	5.48199	0.0511386	0	0
37	14.9989	0.0990511	0	0	5.47593	0.0501427	0	0
38	15.0039	0.0966046	0	0	5.4699	0.0492105	0	0
39	15.0018	0.0941816	0	0	5.46923	0.0479691	0	0
40	14.9777	0.0949668	0	0	5.4668	0.0468474	0	0
41	14.9854	0.0929986	0	0	5.46092	0.046095	0	0
42	15.0048	0.092849	0	0	5.46182	0.0450192	0	0
43	15.0258	0.0931314	0	0	5.45733	0.0442134	0	0
44	15.0112	0.0922145	0	0	5.46283	0.0435683	0	0
45	14.992	0.0921952	0	0	5.47662	0.0447876	0	0
46	14.9914	0.0902148	0	0	5.48425	0.0444833	0	0
47	14.9806	0.0889661	0	0	5.4786	0.0439111	0	0
48	14.9524	0.0915995	0	0	5.47322	0.0433418	0	0
49	14.9575	0.0898986	0	0	5.47459	0.0424884	0	0
50	14.9619	0.0882275	0	0	5.46679	0.0423706	0	0
51	14.9619	0.0865142	0	0	5.46729	0.0415508	0	0
52	14.9604	0.084879	0	0	5.46625	0.0407726	0	0
53	14.9531	0.083617	0	0	5.47009	0.0401945	0	0
54	14.9689	0.0836063	0	0	5.4722	0.0395133	0	0
55	14.9481	0.0846991	0	0	5.4783	0.0392773	0	0
56	14.9539	0.0834006	0	0	5.4811	0.0386833	0	0
57	14.9481	0.0821561	0	0	5.47614	0.0383324	0	0
58	14.9646	0.0824154	0	0	5.46942	0.0382712	0	0
59	14.9475	0.0827997	0	0	5.46959	0.0376283	0	0
60	14.9364	0.0821874	0	0	5.47411	0.0372809	0	0
61	14.9388	0.080886	0	0	5.46864	0.0370793	0	0
62	14.938	0.0795962	0	0	5.4661	0.0365746	0	0
63	14.9519	0.0795775	0	0	5.4623	0.0361986	0	0
64	14.9672	0.0798283	0	0	5.45955	0.0357435	0	0
65	14.9615	0.0788212	0	0	5.46314	0.0353807	0	0
66	14.9692	0.0780236	0	0	5.46141	0.0348915	0	0
67	14.9669	0.0769048	0	0	5.46189	0.0343779	0	0
68	14.9689	0.0758097	0	0	5.45713	0.0342084	0	0
69	14.964	0.0748791	0	0	5.45484	0.0337938	0	0
70	14.9742	0.0745166	0	0	5.454	0.033325	0	0
71	14.9988	0.0774973	0	0	5.45023	0.0330747	0	0
72	15.0105	0.0773099	0	0	5.44919	0.0326349	0	0
73	15.0134	0.0763127	0	0	5.44561	0.0323903	0	0
74	15.0141	0.0752921	0	0	5.44324	0.0320432	0	0
75	15.011	0.074361	0	0	5.43512	0.0326444	0	0
76	15.0097	0.0733996	0	0	5.43536	0.0322186	0	0
77	15.0147	0.0726203	0	0	5.42869	0.0324943	0	0
78	15.0122	0.0717392	0	0	5.43072	0.0321444	0	0
79	15.0162	0.0709519	0	0	5.43356	0.0318669	0	0
80	15.0192	0.070136	0	0	5.43567	0.0315416	0	0
81	15.0114	0.0697128	0	0	5.43781	0.031228	0	0
82	15.0098	0.0688869	0	0	5.4385	0.0308572	0	0
83	15.0063	0.0681512	0	0	5.4423	0.0307241	0	0
84	14.9998	0.0676613	0	0	5.44388	0.0304014	0	0
85	14.9937	0.067145	0	0	5.44293	0.0300608	0	0
86	14.9844	0.0670114	0	0	5.44588	0.0298594	0	0
87	14.9816	0.0663048	0	0	5.44055	0.0299966	0	0
88	14.9827	0.0655633	0	0	5.44071	0.0296581	0	0
89	14.981	0.0648523	0	0	5.44227	0.0293678	0	0
90	14.9748	0.0644314	0	0	5.44942	0.0299123	0	0
91	14.9735	0.0637404	0	0	5.45095	0.0296249	0	0
92	14.9743	0.0630561	0	0	5.45028	0.0293124	0	0
93	14.9757	0.062397	0	0	5.44872	0.0290408	0	0
94	14.98	0.0618845	0	0	5.44228	0.0294453	0	0
95	14.9891	0.0619144	0	0	5.4407	0.0291801	0	0
96	15.0031	0.0628617	0	0	5.44091	0.0288785	0	0
97	15.0026	0.0622194	0	0	5.44045	0.0285861	0	0
98	14.9993	0.0616739	0	0	5.44154	0.0283169	0	0
99	14.9914	0.0615667	0	0	5.44982	0.0292296	0	0
