0.5	-0.965669	0.00228866	14.0551	0.59043	3546.36	117.173
0.51	-0.964487	0.00222344	14.7298	0.601908	3464.82	107.446
0.52	-0.959924	0.00218429	15.3771	0.574319	3231.79	103.624
0.53	-0.95612	0.00221868	15.9158	0.560892	3040.52	101.777
0.54	-0.95374	0.00224661	15.8659	0.561455	2916.15	100.72
0.55	-0.949784	0.00216566	16.7222	0.542427	2758.34	95.1915
0.56	-0.946015	0.00207444	16.973	0.516083	2583.72	91.2822
0.57	-0.942795	0.00207821	17.0923	0.502953	2455.97	89.1581
0.58	-0.938582	0.00202062	17.5065	0.525698	2311.73	83.6598
0.59	-0.936601	0.00200459	17.6701	0.494382	2253.85	80.7062
0.6	-0.931478	0.00204703	17.9704	0.528073	2094.76	79.5004
0.61	-0.927444	0.00189666	18.9639	0.572478	1999.03	71.4477
0.62	-0.924318	0.00184485	19.5438	0.520612	1925.79	66.3135
0.63	-0.919749	0.00186107	19.6284	0.505677	1807.5	64.9386
0.64	-0.91573	0.00181885	19.7324	0.476362	1694.59	61.7799
0.65	-0.912044	0.00175328	19.8768	0.458122	1609.3	56.5637
0.66	-0.908689	0.00159915	20.0676	0.432993	1531.79	51.9223
0.67	-0.905333	0.00155622	20.587	0.43765	1484.49	48.3487
0.68	-0.900389	0.0016139	20.7977	0.403992	1388.58	46.4949
0.69	-0.896107	0.00144458	20.8921	0.387495	1304.67	42.3165
0.7	-0.891265	0.00138342	21.1585	0.371061	1218.32	39.1688
0.71	-0.885941	0.00143218	21.3871	0.370136	1143.87	38.1446
0.72	-0.882288	0.00137349	21.5308	0.361145	1088.78	34.529
0.73	-0.878544	0.00134388	21.3966	0.367403	1048.7	33.2467
0.74	-0.875663	0.00129925	21.6387	0.335645	1041.48	31.9089
0.75	-0.870306	0.00126369	21.5336	0.325967	976.447	29.5441
0.76	-0.864802	0.00123301	21.4244	0.284709	902.681	25.6967
0.77	-0.860519	0.00122961	21.5484	0.295203	866.539	23.1758
0.78	-0.855865	0.00121953	21.5281	0.29003	823.808	21.431
0.79	-0.851779	0.00116399	21.5006	0.292341	784.485	20.8106
0.8	-0.847179	0.00115184	21.5376	0.285021	739.078	19.1489
0.81	-0.84346	0.00114081	21.7143	0.271392	725.174	18.6764
0.82	-0.839413	0.00112879	21.8409	0.273395	692.363	17.7756
0.83	-0.83467	0.00111448	21.8897	0.274643	665.794	16.9268
0.84	-0.829951	0.00108252	21.9215	0.266933	631.241	16.4712
0.85	-0.826143	0.00102054	21.8171	0.25685	607.396	15.2352
0.86	-0.821157	0.00103165	21.7592	0.257106	576.606	14.3151
0.87	-0.816832	0.00100556	21.7356	0.240131	550.719	14.5908
0.88	-0.812598	0.00102206	21.6473	0.219032	540.556	13.2066
0.89	-0.808815	0.000995697	21.7056	0.226661	525.873	13.3125
0.9	-0.804499	0.000946302	21.5675	0.22499	500.455	12.2029
0.91	-0.800869	0.000930444	21.4273	0.215927	487.435	11.2116
0.92	-0.796148	0.000883555	21.3731	0.205393	466.772	10.0412
0.93	-0.791501	0.000880311	21.2678	0.202462	449.844	9.48055
0.94	-0.786854	0.000823486	21.1217	0.195529	434.989	8.90388
0.95	-0.782313	0.000848607	21.007	0.185043	417.348	8.88935
0.96	-0.777943	0.000821036	20.9448	0.170519	406.833	8.56351
0.97	-0.774173	0.000779742	20.8366	0.153399	396.104	8.17795
0.98	-0.770132	0.000744897	20.8163	0.168941	384.229	7.3368
0.99	-0.765977	0.000780108	20.6515	0.165803	373.938	6.93681
1.0	-0.761894	0.000814915	20.6913	0.16448	365.966	6.55274
1.01	-0.758069	0.000861702	20.6057	0.16803	356.167	6.17803
1.02	-0.754011	0.000852053	20.5519	0.167804	345.417	5.98369
1.03	-0.750597	0.000832674	20.4872	0.168407	340.651	6.08458
1.04	-0.746917	0.000863867	20.3905	0.169475	334.421	6.04228
1.05	-0.743137	0.000836744	20.2487	0.162432	327.073	5.87506
1.06	-0.738926	0.00083204	20.0448	0.155682	317.711	5.5433
1.07	-0.735069	0.000794423	19.9773	0.149269	310.343	5.0202
1.08	-0.730959	0.000772532	19.9066	0.152787	302.838	4.94125
1.09	-0.726988	0.000796044	19.8684	0.153111	294.681	4.98788
1.1	-0.723164	0.000795452	19.7533	0.15675	286.485	4.63342
1.11	-0.719126	0.000802461	19.6565	0.148503	278.519	4.69167
1.12	-0.715305	0.000790756	19.5297	0.143299	272.644	4.60922
1.13	-0.71104	0.000806706	19.4503	0.136527	264.699	4.50607
1.14	-0.707257	0.000769889	19.3333	0.134096	259.829	4.29024
1.15	-0.703158	0.000775749	19.2024	0.124224	252.933	4.00977
1.16	-0.698722	0.000789984	19.0359	0.125168	246.631	3.7041
1.17	-0.695056	0.000805373	18.9158	0.130406	239.999	3.46435
1.18	-0.690983	0.000805154	18.8126	0.129392	232.868	3.34566
1.19	-0.687402	0.000796253	18.6475	0.130693	228.495	3.23424
1.2	-0.683758	0.000768821	18.4795	0.123095	223.665	3.00474
1.21	-0.680334	0.000798423	18.3377	0.12557	218.434	3.04806
1.22	-0.676749	0.000781491	18.1537	0.1251	213.339	2.88406
1.23	-0.673366	0.000808452	17.9935	0.123195	209.742	2.8685
1.24	-0.66987	0.000771004	17.8951	0.122414	204.925	2.79088
1.25	-0.666273	0.000785539	17.7551	0.121766	200.996	2.72615
1.26	-0.662417	0.000781762	17.5816	0.121203	195.811	2.63593
1.27	-0.65865	0.000749263	17.4035	0.111734	192.001	2.58056
1.28	-0.654994	0.000752074	17.2972	0.114507	187.546	2.50381
1.29	-0.651323	0.000730353	17.1796	0.115361	183.381	2.38136
1.3	-0.64797	0.000697702	17.0143	0.110083	180.944	2.34217
1.31	-0.644276	0.000684553	16.854	0.11054	177.159	2.17549
1.32	-0.640845	0.000684449	16.7281	0.108287	173.248	2.1506
1.33	-0.637316	0.000683749	16.5485	0.103673	169.477	2.12361
1.34	-0.634141	0.000690544	16.4088	0.100906	165.918	1.97957
1.35	-0.630952	0.000665573	16.2931	0.100115	163.32	1.93666
1.36	-0.627534	0.000646718	16.1209	0.0976229	159.708	1.89057
1.37	-0.623922	0.0006592	16.038	0.0956122	156.583	1.83956
1.38	-0.620645	0.000658734	15.9473	0.0900321	153.743	1.79018
1.39	-0.617574	0.000629229	15.8016	0.0837865	150.563	1.72275
1.4	-0.614618	0.000635003	15.6679	0.0855031	147.958	1.72184
1.41	-0.611205	0.000631423	15.5891	0.0894763	144.982	1.67543
1.42	-0.608084	0.000637927	15.4954	0.0845942	142.943	1.6477
1.43	-0.604956	0.000646568	15.4041	0.0850706	140.893	1.65459
1.44	-0.601872	0.000638563	15.2907	0.0783328	138.364	1.55758
1.45	-0.5987	0.00063943	15.149	0.0792319	136.201	1.5641
1.46	-0.595648	0.000647528	15.0634	0.0774543	134.363	1.57574
1.47	-0.592701	0.00062341	14.9236	0.0803202	132.154	1.50671
1.48	-0.589422	0.000608869	14.8205	0.0802933	129.805	1.45453
1.49	-0.586357	0.00058769	14.728	0.0789814	126.902	1.37488
1.5	-0.583282	0.000568824	14.6414	0.0776401	124.86	1.3494
1.51	-0.580304	0.000565799	14.5232	0.0750424	122.65	1.35933
1.52	-0.577311	0.000557524	14.4164	0.0731444	121.114	1.37459
1.53	-0.574577	0.00057271	14.291	0.0733285	119.392	1.33261
1.54	-0.571792	0.000561141	14.1775	0.0713236	118.138	1.33365
1.55	-0.568927	0.000566427	14.0551	0.0730479	116.436	1.28993
1.56	-0.566218	0.000587319	13.9407	0.0773237	114.662	1.30905
1.57	-0.56335	0.000598603	13.8538	0.0771971	112.881	1.2693
1.58	-0.560643	0.000588405	13.7369	0.077128	111.666	1.23637
1.59	-0.557764	0.000583488	13.6325	0.0783277	110.194	1.16312
1.6	-0.555227	0.000584394	13.535	0.0756171	108.923	1.10777
1.61	-0.552486	0.000563506	13.4275	0.0744742	107.376	1.05227
1.62	-0.549678	0.000565112	13.3179	0.0744538	105.736	1.0416
1.63	-0.54715	0.000549051	13.2014	0.0755764	104.663	1.00014
1.64	-0.544439	0.000557937	13.0933	0.0736925	103.3	0.983924
1.65	-0.541905	0.000552753	12.9906	0.0736256	101.605	0.938047
1.66	-0.539325	0.000552226	12.8782	0.0716991	100.242	0.942083
1.67	-0.536785	0.000551941	12.7708	0.0691183	99.0979	0.966345
1.68	-0.534279	0.000537369	12.6492	0.0691792	97.65	0.96854
1.69	-0.531439	0.000549443	12.5557	0.0682982	96.1486	0.975968
1.7	-0.528839	0.000542707	12.4444	0.0689365	94.8422	0.964277
1.71	-0.526385	0.000544587	12.3516	0.0698817	93.5956	0.942644
1.72	-0.52383	0.00054685	12.2641	0.0683955	92.6053	0.930123
1.73	-0.521376	0.000547773	12.139	0.0704708	91.1896	0.896226
1.74	-0.518888	0.000553814	12.0531	0.0702804	90.0685	0.914478
1.75	-0.516474	0.000561555	11.9373	0.0677672	89.0299	0.910123
1.76	-0.514193	0.000559785	11.8353	0.066519	87.801	0.89539
1.77	-0.51171	0.000573103	11.7566	0.0661959	86.6987	0.86634
1.78	-0.509416	0.000574937	11.6795	0.0633083	85.8311	0.846167
1.79	-0.507237	0.000586789	11.5613	0.0644699	84.8603	0.837246
1.8	-0.505003	0.000587327	11.4529	0.0647536	83.8715	0.828493
1.81	-0.502634	0.00058333	11.3682	0.0621808	82.858	0.814149
1.82	-0.500357	0.000578222	11.2834	0.0622325	81.7714	0.808432
1.83	-0.498248	0.000588948	11.2203	0.0628059	80.8896	0.794752
1.84	-0.495911	0.000583502	11.1286	0.0599699	79.8108	0.77285
1.85	-0.493675	0.000572542	11.0518	0.0586613	78.9063	0.731855
1.86	-0.491561	0.000569786	10.975	0.0590943	78.0575	0.707698
1.87	-0.489161	0.000567739	10.8907	0.0571857	76.9076	0.682476
1.88	-0.486948	0.000568611	10.8015	0.0563573	76.1912	0.667397
1.89	-0.484774	0.000554123	10.7118	0.05686	75.3465	0.664667
1.9	-0.482647	0.000552342	10.636	0.0557783	74.4025	0.645664
1.91	-0.480643	0.000565467	10.5535	0.055923	73.6957	0.644387
1.92	-0.478519	0.000570508	10.485	0.0553211	72.9	0.632515
1.93	-0.476368	0.00057488	10.3903	0.0546343	72.2477	0.619813
1.94	-0.474281	0.000575702	10.3052	0.0555158	71.3398	0.615637
1.95	-0.472139	0.000578258	10.2059	0.0566174	70.5923	0.607446
1.96	-0.470061	0.000578885	10.1465	0.0548626	70.0026	0.604781
1.97	-0.468103	0.000571439	10.0681	0.0547259	69.2182	0.593344
1.98	-0.466073	0.000553875	10.0029	0.0527085	68.4952	0.569966
1.99	-0.463943	0.000556068	9.9172	0.0512349	67.7287	0.543306
2.0	-0.461822	0.000546693	9.85256	0.0511336	67.0707	0.534734
