0.5	-1.00177	0.00134968	12.6857	0.778921	4459.66	50.0322
0.51	-0.997706	0.0015729	14.0521	0.743902	4269.72	52.1095
0.52	-0.995409	0.00146796	15.3917	0.750691	4122.53	50.6909
0.53	-0.991928	0.00165066	16.5261	0.745967	3929.93	56.0678
0.54	-0.988372	0.00165838	17.8955	0.708062	3733.49	57.6116
0.55	-0.984174	0.00173554	18.7691	0.654551	3551.47	60.12
0.56	-0.981296	0.00178343	19.397	0.612154	3435.83	58.9232
0.57	-0.974883	0.00198552	20.3614	0.588464	3188.25	65.0581
0.58	-0.970572	0.00193897	21.6581	0.559403	3039.93	62.7149
0.59	-0.967194	0.0019279	21.6491	0.480416	2919.13	62.0078
0.6	-0.957909	0.00197672	22.2779	0.482346	2645.4	61.9573
0.61	-0.953514	0.00198397	22.879	0.413189	2493.62	61.9728
0.62	-0.951347	0.00192382	23.2504	0.429887	2440.75	56.3394
0.63	-0.94686	0.00191313	23.7657	0.42148	2325.05	53.717
0.64	-0.942652	0.0018622	24.0195	0.420309	2221.6	49.0633
0.65	-0.935949	0.00185379	24.0554	0.408609	2060.84	49.4569
0.66	-0.93107	0.00183444	24.6397	0.43328	1946.43	46.5491
0.67	-0.926743	0.00175879	24.7818	0.37917	1859.93	44.53
0.68	-0.923805	0.00169204	25.5708	0.393536	1819.67	41.0127
0.69	-0.918052	0.00172616	25.7466	0.393713	1695.46	41.6285
0.7	-0.914488	0.0016333	25.8601	0.394687	1639.35	37.5917
0.71	-0.909013	0.00163631	25.9752	0.401496	1551.51	38.1275
0.72	-0.903615	0.00146601	26.2476	0.434639	1475.93	32.4013
0.73	-0.898318	0.00133434	25.7435	0.408121	1385.67	27.4807
0.74	-0.893134	0.0013597	25.679	0.355802	1312.7	26.2351
0.75	-0.888624	0.00149247	25.5909	0.368449	1248.83	28.8886
0.76	-0.882985	0.00134503	24.9248	0.367188	1154.67	26.8345
0.77	-0.878178	0.00126743	25.2327	0.338774	1108.58	24.3964
0.78	-0.872554	0.0012169	25.1564	0.312712	1050.56	21.4276
0.79	-0.86839	0.00113976	25.2359	0.298232	1014.39	19.8313
0.8	-0.862176	0.00112167	24.987	0.364608	930.343	19.7588
0.81	-0.857498	0.0011201	25.0373	0.349451	900.255	18.2185
0.82	-0.852298	0.00110016	24.8086	0.307592	851.769	16.1608
0.83	-0.846757	0.00105262	24.4403	0.309868	810.106	15.7253
0.84	-0.842168	0.00112313	24.474	0.311234	779.695	17.2381
0.85	-0.837173	0.00111343	24.1112	0.281764	736.644	15.8884
0.86	-0.83182	0.00108775	23.9281	0.257646	703.58	14.6531
0.87	-0.827485	0.00101516	23.6854	0.272985	674.988	13.8353
0.88	-0.823752	0.000940877	23.5704	0.259649	654.466	12.4794
0.89	-0.819178	0.00098784	23.4496	0.248936	627.928	12.6457
0.9	-0.813927	0.000983646	23.2965	0.257915	601.436	11.0763
0.91	-0.807994	0.000919712	22.9992	0.236419	563.44	10.0006
0.92	-0.802715	0.000865817	22.5749	0.226068	535.068	9.25616
0.93	-0.797471	0.000857246	22.7205	0.216513	513.349	9.10783
0.94	-0.793467	0.000880764	22.6064	0.202329	496.695	8.47829
0.95	-0.78903	0.000830361	22.3665	0.208912	475.259	8.34879
0.96	-0.78558	0.000844457	22.479	0.240209	470.952	8.66231
0.97	-0.779987	0.000878917	22.1748	0.224496	453.308	7.8078
0.98	-0.776389	0.000844667	22.0829	0.214744	445.814	6.30404
0.99	-0.772424	0.000805664	22.2798	0.216299	431.654	7.30247
1.0	-0.767883	0.000771387	21.8223	0.199715	415.731	7.37968
1.01	-0.763177	0.000721279	21.4352	0.204244	395.404	6.23383
1.02	-0.758147	0.000737433	21.2853	0.189894	378.16	5.8011
1.03	-0.753911	0.000733655	21.267	0.191278	363.185	5.67621
1.04	-0.748828	0.00069458	20.9585	0.17001	342.081	5.03964
1.05	-0.745237	0.000639874	20.8537	0.151777	337.957	4.75351
1.06	-0.741667	0.00065921	20.6536	0.14451	334.032	4.64768
1.07	-0.737735	0.000738976	20.7551	0.158689	330.223	5.12767
1.08	-0.734111	0.000729013	20.6187	0.165613	325.54	4.92875
1.09	-0.730203	0.000723628	20.5562	0.160833	314.752	4.70391
1.1	-0.725298	0.000735472	20.3329	0.171842	304.217	4.5298
1.11	-0.721388	0.000767579	20.2707	0.153397	296.566	3.96743
1.12	-0.716858	0.000707225	20.0047	0.151629	285.661	3.51244
1.13	-0.712956	0.000702449	19.9764	0.138293	278.845	3.53141
1.14	-0.709499	0.00070883	19.6849	0.137316	271.676	3.21417
1.15	-0.705215	0.000715215	19.5244	0.13474	263.987	3.24846
1.16	-0.700847	0.000688308	19.3835	0.138428	255.273	2.95104
1.17	-0.697319	0.00069035	19.2353	0.130643	250.467	3.04904
1.18	-0.692344	0.000680655	19.1644	0.13536	244.179	2.73195
1.19	-0.688419	0.000623323	18.9887	0.121162	236.953	2.94912
1.2	-0.684495	0.000676308	18.8905	0.125224	231.113	2.44539
1.21	-0.681155	0.00067341	18.7582	0.11636	228.527	2.83664
1.22	-0.677767	0.0006599	18.6392	0.1231	223.246	2.35597
1.23	-0.673867	0.000631067	18.4431	0.114453	217.694	2.4827
1.24	-0.67035	0.000640223	18.4015	0.100511	211.006	2.37333
1.25	-0.666803	0.000616028	18.0698	0.093574	206.819	2.31703
1.26	-0.662961	0.00059879	18.0097	0.103207	200.193	2.31314
1.27	-0.659724	0.000614358	17.9253	0.105612	196.857	2.02848
1.28	-0.655983	0.000659232	17.5941	0.0962758	193.227	2.22966
1.29	-0.652206	0.000658025	17.3791	0.0964505	189.289	2.12681
1.3	-0.648483	0.000653203	17.2604	0.0941542	187.162	2.19729
1.31	-0.645659	0.000733962	17.1295	0.108982	181.246	2.08545
1.32	-0.64233	0.000729628	16.9896	0.101035	176.981	1.87768
1.33	-0.639169	0.000717126	16.9022	0.0969488	177.646	1.89253
1.34	-0.636335	0.000725103	16.882	0.0952845	174.349	1.86811
1.35	-0.633086	0.000772786	16.699	0.103068	170.868	1.97321
1.36	-0.629194	0.000688601	16.5561	0.0853586	165.816	1.86745
1.37	-0.62541	0.000708541	16.4778	0.0919502	163.158	1.77136
1.38	-0.621331	0.000664407	16.3086	0.0981873	160.051	1.58568
1.39	-0.618791	0.000662545	16.1436	0.103909	158.794	1.5036
1.4	-0.615179	0.000689011	15.9735	0.101332	154.836	1.56761
1.41	-0.612058	0.000723266	15.8797	0.0941608	151.829	1.59589
1.42	-0.609123	0.00068843	15.7082	0.08846	147.308	1.64699
1.43	-0.606304	0.000667404	15.6401	0.0853761	146.519	1.58613
1.44	-0.603491	0.000634582	15.4152	0.0949068	144.467	1.40727
1.45	-0.600388	0.00065476	15.2766	0.0917168	141.79	1.24326
1.46	-0.596607	0.000622173	15.1632	0.0874977	139.668	1.36124
1.47	-0.593402	0.000622514	15.053	0.0863484	137.138	1.12202
1.48	-0.59071	0.000614813	15.0172	0.0847996	134.836	1.1334
1.49	-0.588094	0.000638077	14.9772	0.0838915	134.662	1.27773
1.5	-0.58484	0.000607479	14.8099	0.0815146	131.7	1.10394
1.51	-0.581721	0.000588539	14.7137	0.0794842	127.612	1.13571
1.52	-0.578265	0.000647179	14.4761	0.0815234	125.309	1.08522
1.53	-0.575753	0.000664425	14.4463	0.0781937	125.479	1.09069
1.54	-0.572786	0.00063911	14.3515	0.0830617	123.341	1.18542
1.55	-0.569614	0.000647646	14.2124	0.0859902	119.413	1.07028
1.56	-0.566876	0.000624306	14.0925	0.0810821	117.098	1.10863
1.57	-0.564147	0.000685512	14.0026	0.0734593	116.625	1.08007
1.58	-0.561557	0.000657724	13.9041	0.0732875	115.2	1.0446
1.59	-0.558967	0.000666245	13.8067	0.0742014	112.987	0.981914
1.6	-0.556244	0.000637967	13.6665	0.0690963	111.112	0.922976
1.61	-0.553821	0.000601043	13.517	0.0689417	109.732	0.978962
1.62	-0.551038	0.000610067	13.409	0.0691172	108.228	0.929941
1.63	-0.54837	0.000616892	13.2906	0.0669606	106.924	0.876794
1.64	-0.545717	0.000615309	13.1602	0.0638186	106.031	0.874458
1.65	-0.542964	0.000631265	13.0073	0.0634562	105.318	0.917477
1.66	-0.540576	0.000570356	12.999	0.0687565	103.588	0.891332
1.67	-0.537579	0.000584894	12.8561	0.0750975	102.254	0.891639
1.68	-0.535079	0.000566763	12.7215	0.0704211	100.801	0.906865
1.69	-0.532538	0.000534343	12.5931	0.0666756	99.3178	0.735098
1.7	-0.530642	0.000532471	12.5412	0.0675399	98.5837	0.806441
1.71	-0.527797	0.000512574	12.422	0.0551862	97.4587	0.79249
1.72	-0.52519	0.000562562	12.3569	0.0532699	95.9037	0.894021
1.73	-0.522432	0.000566898	12.208	0.0629608	94.5601	0.803414
1.74	-0.520087	0.000581007	12.123	0.0584515	93.078	0.862727
1.75	-0.517944	0.000579982	12.0131	0.0619953	91.4068	0.814001
1.76	-0.515366	0.0005896	11.9199	0.0669323	89.7596	0.81675
1.77	-0.512984	0.000565778	11.8165	0.0622597	88.2853	0.779293
1.78	-0.510169	0.000573063	11.7287	0.0653126	87.7002	0.781009
1.79	-0.508055	0.000580638	11.6363	0.0588014	86.4107	0.707355
1.8	-0.505594	0.00057421	11.5435	0.0641446	85.6134	0.628171
1.81	-0.503225	0.000562569	11.4677	0.0568139	84.5402	0.646429
1.82	-0.500941	0.000592313	11.3945	0.0624113	83.5783	0.619565
1.83	-0.498352	0.000593569	11.2968	0.0618418	82.9246	0.700943
1.84	-0.496163	0.000573285	11.2002	0.0612544	81.4523	0.630577
1.85	-0.494077	0.000576929	11.1289	0.0598307	80.4495	0.567742
1.86	-0.492124	0.000579723	11.0611	0.0589185	80.1077	0.67787
1.87	-0.489881	0.000572103	10.9772	0.0576463	79.0854	0.608417
1.88	-0.487739	0.000582909	10.9314	0.0586583	78.1548	0.620901
1.89	-0.485585	0.000595407	10.8349	0.0544285	77.4841	0.547406
1.9	-0.483259	0.000543352	10.6983	0.0532463	76.3858	0.572206
1.91	-0.481115	0.000518542	10.628	0.0558789	75.6731	0.531448
1.92	-0.479134	0.000512117	10.5612	0.0613311	75.0492	0.560567
1.93	-0.47697	0.000522556	10.4965	0.0624536	73.9064	0.561954
1.94	-0.474866	0.000535095	10.3818	0.0565887	73.0961	0.524787
1.95	-0.472446	0.000503895	10.2879	0.0585361	72.2011	0.480118
1.96	-0.470243	0.00052553	10.2367	0.0549799	71.5728	0.488278
1.97	-0.468704	0.000525256	10.1477	0.0542982	71.0413	0.437023
1.98	-0.466779	0.000508389	10.1253	0.0560824	70.0656	0.463949
1.99	-0.464985	0.000501242	10.0853	0.0530993	69.5499	0.463342
2.0	-0.46267	0.000534296	9.98414	0.0539641	68.5046	0.485343
