2.23
1.97098
1.15552
2.36902
2.38761
1.94865
1.4763
2.39917
1.06548
2.46374
2.35308
2.16763
2.46266
1.62538
2.11153
1.19762
1.50912
1.48391
1.51705
2.36316
1.40587
2.48043
2.42004
1.39072
1.20316
1.97074
2.22577
2.46483
2.07295
2.14656
2.40097
1.90468
2.15814
1.87667
2.01544
1.77389
2.00048
1.8261
1.12697
2.36674
2.02959
2.34405
2.19637
0.99812
1.77341
1.80758
1.20454
2.3296
2.16354
2.32247
1.94052
1.46849
1.63042
1.06446
2.11059
1.25542
1.07846
1.78663
2.48166
1.87488
2.12757
1.66448
2.23796
1.09715
1.17871
1.15476
2.35746
1.89681
1.93866
2.29292
2.39284
1.76684
1.40993
1.0683
2.1253
1.97919
2.23908
1.96697
2.26973
2.35926
2.40824
1.9249
2.44919
1.48675
2.39521
1.69601
1.71908
1.52934
1.77988
1.12718
2.25548
1.80462
1.92131
2.25398
1.57252
2.41931
2.32347
2.2433
2.37464
1.20042
2.07817
1.14655
2.18715
2.02336
1.02854
1.62608
1.21936
1.77371
1.69533
1.62952
2.06927
2.27642
2.15158
2.19939
2.2862
2.08311
1.87808
1.83472
2.44516
2.23402
1.29904
1.32092
1.88168
2.24415
2.18932
2.08335
1.0292
1.95136
0.998213
1.12282
1.85854
2.19272
1.76766
1.97222
1.11402
1.90617
2.499
2.02171
1.8104
1.99855
1.19465
2.4436
2.35285
1.4536
2.32799
2.24129
2.34184
2.16507
1.94021
2.31528
2.41618
1.72524
1.85441
2.08947
2.01679
1.25172
2.30661
1.17734
1.57599
2.23741
1.96527
1.1208
2.36979
2.30976
2.32458
2.47338
2.24362
2.24077
1.7889
1.85647
2.44449
1.02047
1.87151
1.99781
1.39855
1.80206
2.16688
2.08589
1.94714
1.80201
2.24748
2.26659
2.2625
2.30116
1.92287
1.97435
1.35759
1.1021
1.1688
2.14619
1.97231
2.22863
1.99492
1.56016
2.14923
2.4876
1.96523
2.17557
2.07273
2.46856
1.04732
1.42674
1.10731
1.19499
1.56006
1.18882
2.02284
1.86955
1.09556
1.49837
2.04394
1.21023
2.1327
2.21113
1.25931
2.26808
1.55213
1.87201
2.47295
2.05773
1.87779
2.16495
1.76648
2.16028
2.00282
2.07001
2.01835
1.81653
2.45705
2.23175
2.47369
1.83871
1.56294
2.31603
1.79635
2.35702
1.6622
2.2867
2.46574
1.90128
2.36357
1.02937
2.05162
2.20988
2.33219
2.19978
1.902
1.37033
1.01355
1.30116
1.92518
1.71375
2.18334
2.30208
1.78744
2.28226
2.24276
1.27131
1.59192
2.00369
1.67605
1.24733
2.25167
1.90947
2.22729
2.4172
2.30577
1.88227
2.17668
1.66709
1.99288
1.05181
1.484
2.42201
2.29479
1.33562
2.07707
2.32416
2.21204
1.77895
2.42018
